trans_restart_version: 10
zoom: 5.795573
angle_axis: 1.663952 -0.761956 0.408632 0.502438
translation: -0.311937 0.018513 -0.039651
scale: 94.558121
outline: 0
perspective: 1
perspective_angle: 40.000000
perspective_z: -3.402393
axis_markers: 1
mouse_mode: 1
light_direction: 0.577350 0.577350 0.577350
rotation_center_on: 0
rotation_center: 0.000000 0.000000 0.000000
quick_transparency: 0
