trans_restart_version: 10
zoom: 5.087138
angle_axis: 1.570786 -1.000000 -0.000005 -0.000005
translation: -0.319927 0.007504 -0.045868
scale: 94.558121
outline: 0
perspective: 0
perspective_angle: 40.000000
perspective_z: 0.000000
axis_markers: 1
mouse_mode: 1
light_direction: 0.577350 0.577350 0.577350
rotation_center_on: 0
rotation_center: 0.000000 0.000000 0.000000
quick_transparency: 0
