trans_restart_version: 10
zoom: 0.853733
angle_axis: 0.000000 0.707107 -0.707107 -0.000004
translation: -1.053273 0.004191 -0.045867
scale: 94.558121
outline: 0
perspective: 0
perspective_angle: 40.000000
perspective_z: 0.000000
axis_markers: 1
mouse_mode: 1
light_direction: 0.577350 0.577350 0.577350
rotation_center_on: 0
rotation_center: 0.000000 0.000000 0.000000
quick_transparency: 0
