trans_restart_version: 10
zoom: 3.090930
angle_axis: 1.690060 -0.656356 0.449072 0.606244
translation: -0.484142 0.259791 -0.132840
scale: 94.558098
outline: 0
perspective: 1
perspective_angle: 40.000000
perspective_z: -2.747480
axis_markers: 0
mouse_mode: 1
light_direction: 0.577350 0.577350 0.577350
rotation_center_on: 0
rotation_center: 0.000000 0.000000 0.000000
quick_transparency: 0
