trans_restart_version: 10
zoom: 2.303295
angle_axis: 1.539667 -0.708614 0.409358 0.574711
translation: -0.620783 0.293742 -0.135337
scale: 94.558098
outline: 0
perspective: 1
perspective_angle: 40.000000
perspective_z: -2.747480
axis_markers: 0
mouse_mode: 1
light_direction: 0.577350 0.577350 0.577350
rotation_center_on: 0
rotation_center: 0.000000 0.000000 0.000000
quick_transparency: 0
