trans_restart_version: 10
zoom: 7.369058
angle_axis: 1.981673 -0.756695 0.513384 0.404782
translation: -0.409882 0.032797 -0.065268
scale: 94.558098
outline: 0
perspective: 1
perspective_angle: 40.000000
perspective_z: -2.747480
axis_markers: 0
mouse_mode: 1
light_direction: 0.577350 0.577350 0.577350
rotation_center_on: 0
rotation_center: 0.000000 0.000000 0.000000
quick_transparency: 0
