# Created by Octave 2.1.73, Fri Jan 26 14:17:16 2007 CET <nikwik@rig>
# name: dBl
# type: matrix
# rows: 85
# columns: 2
 0 0.00586410481210612
 0.0119047619047619 0.00641623967047438
 0.0238095238095238 0.00695672709299794
 0.0357142857142857 0.00748690247977517
 0.0476190476190476 0.00800784472354618
 0.0595238095238095 0.00852044218493775
 0.0714285714285714 0.009025438035541
 0.0833333333333333 0.00952346240899844
 0.0952380952380952 0.0100150558068994
 0.107142857142857 0.0105006865269589
 0.119047619047619 0.0109807638961695
 0.130952380952381 0.0114556484918569
 0.142857142857143 0.0119256601561651
 0.154761904761905 0.0123910843651227
 0.166666666666667 0.0128521773511736
 0.178571428571429 0.0133091702678652
 0.19047619047619 0.0137622726090469
 0.202380952380952 0.0142116750410822
 0.214285714285714 0.0146575517679652
 0.226190476190476 0.0151000625211345
 0.238095238095238 0.0155393542450468
 0.25 0.0159755625340915
 0.261904761904762 0.01640881286473
 0.273809523809524 0.016839221657809
 0.285714285714286 0.0172668971991133
 0.297619047619048 0.0176919404408601
 0.30952380952381 0.0181144457026324
 0.321428571428571 0.0185345012869224
 0.333333333333333 0.0189521900218018
 0.345238095238095 0.0193675897411081
 0.357142857142857 0.0197807737108198
 0.369047619047619 0.0201918110088908
 0.380952380952381 0.0206007668646765
 0.392857142857143 0.0210077029631425
 0.404761904761905 0.0214126777182707
 0.416666666666667 0.0218157465194351
 0.428571428571429 0.0222169619539783
 0.44047619047619 0.0226163740087724
 0.452380952380952 0.0230140302531673
 0.464285714285714 0.0234099760054079
 0.476190476190476 0.0238042544843312
 0.488095238095238 0.0241969069479228
 0.5 0.024587972820112
 0.511904761904762 0.0249774898070198
 0.523809523809524 0.025365494003722
 0.535714285714286 0.0257520199924696
 0.547619047619048 0.0261371009331962
 0.55952380952381 0.0265207686470483
 0.571428571428571 0.0269030536935931
 0.583333333333333 0.0272839854422851
 0.595238095238095 0.0276635921387116
 0.607142857142857 0.0280419009660806
 0.619047619047619 0.028418938102368
 0.630952380952381 0.0287947287734961
 0.642857142857143 0.0291692973028796
 0.654761904761905 0.0295426671576421
 0.666666666666667 0.0299148609917744
 0.678571428571428 0.0302859006864822
 0.69047619047619 0.0306558073879465
 0.702380952380952 0.0310246015426979
 0.714285714285714 0.0313923029307904
 0.726190476190476 0.03175893069694
 0.738095238095238 0.0321245033797817
 0.75 0.0324890389393832
 0.761904761904762 0.0328525547831418
 0.773809523809524 0.0332150677901817
 0.785714285714286 0.0335765943343558
 0.797619047619048 0.0339371503059514
 0.80952380952381 0.0342967511321879
 0.821428571428571 0.0346554117965893
 0.833333333333333 0.0350131468573064
 0.845238095238095 0.0353699704644585
 0.857142857142857 0.0357258963765592
 0.869047619047619 0.0360809379760847
 0.880952380952381 0.0364351082842401
 0.892857142857143 0.0367884199749735
 0.904761904761905 0.0371408853882851
 0.916666666666667 0.0374925165428755
 0.928571428571428 0.0378433251481712
 0.94047619047619 0.0381933226157677
 0.952380952380952 0.038542520070322
 0.964285714285714 0.0388909283599287
 0.976190476190476 0.0392385580660092
 0.988095238095238 0.0395854195127419
 1 0.039931522776059
