trans_restart_version: 10
zoom: 16.029451
angle_axis: 1.667257 -0.736116 -0.428180 -0.524209
translation: -0.148792 -0.008115 -0.008239
scale: 196.950256
outline: 0
perspective: 0
perspective_angle: 40.000000
perspective_z: 0.000000
axis_markers: 0
mouse_mode: 1
light_direction: 0.577350 0.577350 0.577350
rotation_center_on: 0
rotation_center: 0.000000 0.000000 0.000000
quick_transparency: 0
